49	48	50	48
52	51	49	51
49	48	48	48
49	48	50	48
48	47	54	48
53	53	55	53
53	54	56	53
54	53	53	53
52	51	49	51
49	48	50	48
49	47	54	48
49	48	50	48
53	53	55	53
53	53	55	53
54	53	53	53
55	49	53	51
54	53	55	53
57	51	53	53
52	51	51	51
57	51	51	52
57	51	51	52
60	49	51	52
57	51	53	53
55	49	51	51
55	44	48	47
54	53	51	53
57	51	55	53
57	51	51	52
54	54	52	53
52	50	57	51
57	51	55	53
55	49	53	51
57	51	55	53
57	51	53	53
57	51	55	53
58	52	54	54
58	52	52	53
61	51	48	53
58	52	52	53
58	52	52	53
58	52	56	54
57	51	51	52
58	52	52	53
62	51	53	54
62	51	53	54
62	51	55	54
59	53	55	55
61	50	52	53
67	49	53	54
74	47	49	55
69	46	52	53
69	46	52	53
70	48	49	54
74	46	53	55
79	52	50	59
79	52	50	59
79	50	49	58
79	50	53	59
79	52	50	59
79	50	49	58
79	50	49	58
75	45	53	54
80	51	50	59
80	51	54	60
81	52	51	60
83	49	50	59
88	49	51	60
91	45	50	59
94	43	49	58
88	47	50	59
88	49	51	60
92	46	51	60
92	46	51	60
101	52	50	66
102	46	54	63
99	43	51	60
103	46	52	63
107	46	48	64
107	46	48	64
105	50	42	65
105	49	46	65
104	50	46	65
112	46	50	66
113	45	50	65
119	45	52	67
113	45	46	65
118	51	47	70
118	52	45	70
120	47	45	68
116	49	45	68
122	46	42	68
120	43	42	65
120	47	45	68
128	43	45	68
130	46	41	70
128	47	41	70
130	48	35	71
128	47	45	70
131	50	44	73
134	50	49	75
132	51	45	74
130	46	41	70
136	55	49	78
133	50	40	73
136	48	44	73
139	47	40	73
139	47	40	73
137	49	45	74
137	49	45	74
140	48	41	74
146	48	40	76
145	46	41	75
145	46	41	75
146	46	46	75
145	45	49	75
146	47	42	76
146	47	42	76
149	46	40	76
149	46	40	76
146	47	42	76
149	50	45	79
153	50	40	79
153	51	36	79
155	47	39	78
152	44	36	75
153	51	36	79
159	51	43	82
162	54	46	85
160	52	44	83
156	53	47	83
160	52	44	83
161	51	43	82
161	51	43	82
164	55	42	86
162	55	42	85
169	56	40	87
165	52	36	83
165	51	40	83
170	51	42	85
169	55	44	87
169	55	44	87
168	48	44	83
170	56	45	88
172	53	44	87
172	53	44	87
170	57	39	88
176	55	35	88
177	52	38	87
178	53	39	88
179	54	40	89
177	55	40	89
176	54	41	88
177	55	42	89
181	59	44	93
182	53	36	89
189	57	36	94
185	53	32	90
182	62	37	95
187	64	40	98
186	62	43	96
187	63	44	97
187	64	40	98
187	64	40	98
185	65	38	97
187	67	40	99
190	63	34	97
193	72	36	104
194	66	42	101
194	66	42	101
192	70	39	102
196	70	36	103
199	74	35	106
200	75	36	107
191	69	38	101
193	72	36	104
194	77	33	106
195	78	34	107
203	74	36	108
203	74	36	108
198	81	37	110
198	81	37	110
198	79	47	110
200	80	37	110
199	82	38	111
199	82	38	111
196	89	37	115
202	86	37	115
204	86	33	115
201	83	30	112
190	88	34	112
199	100	41	122
201	100	39	123
195	94	33	117
194	100	37	120
196	103	35	123
197	98	37	120
195	96	35	118
197	103	42	124
196	102	41	123
191	106	42	124
191	106	42	124
189	107	42	124
189	107	42	124
186	109	42	124
186	109	42	124
187	110	41	125
187	114	44	127
186	117	41	128
185	116	40	127
175	120	44	127
176	116	37	124
175	123	41	129
176	124	42	130
170	128	43	130
172	125	41	129
166	131	43	131
168	127	46	130
158	135	43	131
158	135	43	131
150	138	47	131
152	139	44	132
152	139	40	131
151	139	35	130
143	141	49	131
144	147	51	135
133	148	50	132
136	145	54	131
135	151	51	134
131	148	48	131
122	150	53	130
126	155	53	134
117	161	54	135
117	161	54	135
116	162	52	135
113	164	52	135
109	167	53	136
106	169	53	136
107	165	51	134
108	172	51	139
102	170	53	136
100	176	51	139
96	176	55	138
94	180	52	139
92	179	55	138
96	184	55	142
93	181	52	139
90	188	52	143
93	187	52	143
90	188	52	143
92	186	51	142
90	188	56	143
84	194	54	145
82	193	48	143
81	191	55	142
80	198	59	146
79	196	64	145
79	196	62	145
77	199	59	146
76	198	58	145
76	198	54	145
71	204	51	146
78	207	53	150
74	207	54	149
74	206	58	149
70	209	59	150
71	203	55	146
69	205	49	146
73	208	55	150
74	209	56	151
71	211	56	151
68	212	60	151
76	210	62	153
73	207	59	150
71	211	56	151
73	212	66	153
68	216	63	154
68	216	67	154
70	218	65	156
70	214	62	153
68	218	57	154
69	222	60	157
68	217	59	154
66	217	67	154
63	223	66	157
63	224	62	157
67	225	61	159
65	230	64	161
66	227	65	160
66	227	65	160
67	223	67	158
65	229	66	161
67	228	66	161
65	230	64	161
67	232	66	163
65	230	64	161
64	233	68	163
62	235	69	164
61	234	68	163
61	235	66	163
62	235	69	164
62	235	69	164
61	233	72	163
58	236	68	163
62	240	72	167
66	239	73	168
68	238	70	168
64	238	65	166
65	238	72	167
63	240	81	168
63	241	73	168
63	241	73	168
63	241	73	168
64	245	76	171
64	244	80	171
63	247	86	173
66	245	90	173
66	246	82	173
67	247	83	174
67	247	83	174
68	252	87	178
64	248	87	174
64	247	91	174
64	247	91	174
68	252	87	178
62	251	88	175
67	246	93	175
66	245	92	174
65	248	92	175
68	252	91	178
71	251	91	178
68	248	88	175
65	248	94	175
65	248	94	175
63	254	97	178
64	255	98	179
65	251	105	178
65	246	102	175
69	250	106	179
68	249	105	178
68	245	102	175
65	246	102	175
69	250	106	179
65	246	102	175
71	248	105	178
71	249	101	178
70	244	104	176
70	244	104	176
70	243	108	175
68	243	112	175
68	243	112	175
66	241	110	173
66	240	116	173
67	241	117	174
68	242	118	175
66	240	116	173
66	238	124	173
63	239	126	173
66	236	134	173
64	234	132	171
68	235	138	174
71	233	134	173
64	233	138	171
64	233	138	171
66	231	146	171
64	232	146	171
66	224	149	168
64	222	147	166
66	224	153	168
67	220	155	166
68	220	162	167
67	219	161	166
68	214	163	164
64	215	162	163
62	217	163	164
62	217	163	164
64	209	167	160
64	215	164	164
66	208	171	161
66	208	171	161
70	201	175	158
67	204	171	159
67	203	175	159
66	202	174	158
68	195	179	155
66	196	179	155
68	195	179	155
65	192	176	152
65	191	182	152
66	186	186	150
69	184	186	149
69	184	186	149
69	184	186	149
69	179	183	146
68	178	182	145
68	178	182	145
71	174	184	144
71	173	188	144
70	167	184	139
69	166	183	138
70	166	190	140
72	164	189	139
73	155	193	134
73	155	193	134
64	154	191	131
70	152	192	132
75	150	192	132
73	148	190	130
73	147	194	130
73	147	194	130
74	148	195	131
71	145	192	128
73	136	196	124
73	136	196	124
73	135	202	124
73	135	202	124
75	128	203	120
75	129	199	120
74	129	203	120
74	129	203	120
76	124	203	118
72	127	203	119
74	122	201	116
73	121	200	115
73	112	207	111
73	115	204	112
73	112	207	111
77	118	212	116
76	118	207	115
76	111	199	110
80	108	209	111
76	109	209	110
77	110	210	111
73	111	209	110
76	109	209	110
73	104	218	107
73	105	214	107
79	105	223	110
75	107	216	109
79	105	220	110
80	102	214	108
80	99	220	107
81	98	229	107
82	102	227	110
80	101	221	108
77	101	229	108
72	106	233	110
76	99	234	107
76	98	238	107
76	93	235	104
73	94	241	104
77	92	235	103
76	97	242	107
80	97	239	108
73	99	245	107
76	96	248	107
79	93	252	106
79	93	252	106
82	96	255	109
79	92	255	106
77	96	255	108
79	97	255	109
73	95	255	106
73	95	255	106
79	91	255	106
81	91	255	106
77	94	255	107
76	98	255	109
75	96	255	107
79	94	255	107
79	94	255	107
80	90	255	105
76	91	255	105
79	93	255	107
77	96	255	108
81	95	255	109
79	92	255	106
79	92	255	106
73	98	255	108
74	96	255	107
74	96	255	107
79	101	255	111
84	96	255	110
84	91	255	107
84	95	255	109
80	97	255	109
81	91	255	106
81	90	255	106
85	95	255	110
81	91	255	106
78	97	255	109
77	90	255	104
78	96	255	108
78	96	255	108
81	93	255	107
80	92	255	106
77	93	255	106
78	102	255	112
76	93	255	106
78	102	255	112
76	99	255	109
78	94	255	107
80	97	255	109
78	99	255	110
76	97	255	108
75	101	255	110
80	96	255	109
80	101	255	112
82	98	255	111
78	99	255	110
75	101	255	110
80	101	255	112
80	101	255	112
80	96	255	109
80	101	255	112
77	103	255	112
85	99	255	112
78	99	255	110
81	95	255	109
84	100	255	112
78	104	255	113
82	108	255	116
78	99	255	110
77	103	255	112
75	101	255	110
78	99	255	110
75	101	255	110
78	99	255	110
80	96	255	109
80	96	255	109
82	99	255	111
81	95	255	109
84	94	255	109
82	92	255	107
80	90	255	105
77	88	255	103
81	88	255	104
81	88	255	104
80	82	255	101
80	88	255	104
79	84	255	101
80	85	255	102
81	86	255	103
77	82	255	100
77	83	255	100
81	87	255	104
80	76	255	97
77	78	255	97
80	83	255	101
79	82	255	100
83	76	253	98
82	76	248	97
85	76	238	97
83	74	236	95
80	78	226	95
80	79	222	95
81	71	211	89
81	71	211	89
85	69	206	89
82	72	202	89
82	74	191	89
82	74	191	89
82	69	184	85
84	73	180	88
83	68	166	83
82	67	165	82
79	71	157	83
79	66	154	79
84	70	151	83
77	63	144	76
77	64	140	76
80	69	140	80
79	69	133	79
79	69	133	79
79	70	127	79
77	67	124	76
79	66	115	75
80	67	116	76
78	67	100	74
76	70	105	75
73	62	99	69
78	67	104	74
74	70	98	74
78	62	97	70
75	66	87	71
78	69	90	74
81	69	80	73
76	63	81	68
81	70	76	73
76	65	71	68
75	68	77	71
78	66	77	70
77	64	70	68
77	64	70	68
76	64	75	68
78	65	69	69
78	68	65	70
73	63	60	65
75	62	64	66
77	64	70	68
70	70	63	69
76	76	69	75
72	66	68	68
71	60	64	63
75	63	60	66
75	63	60	66
73	68	63	68
73	62	66	65
75	65	58	67
73	63	56	65
73	63	56	65
73	61	58	64
68	62	66	64
70	64	68	66
69	69	62	68
71	61	58	63
75	64	54	66
73	62	52	64
71	62	52	63
73	62	52	64
75	63	56	65
75	63	56	65
75	64	54	66
75	67	52	67
72	68	56	67
73	69	57	68
73	63	56	65
75	64	54	66
71	61	54	63
71	61	54	63
78	62	54	65
75	64	54	66
78	62	54	65
76	60	52	63
71	61	54	63
