Wed Jun 09 18:53:13 2021

21.06.02-03_007.top image. S04

Comment: Graphite ni

Us modulation: OFF; Frq(Hz): 1333; Amp(mV): 2.00;
Us base(mV): -200; It setpoint(nA): 0.5;
Us Start(mV): -500; End(mV): 498; Step(mV): 5.98;
Us sweep rate(mV/s): 50.0; sweep delay(ms): 10;
Ccomp modulation: OFF; Amp(mV): 0.0; Phase(deg): 0.0
Lock-in input params
      Sensitivity(mV): ; Phase(deg): ;
      LPF - freq(Hz):      0; slope(dB/oct): 0;
      HPF - freq(Hz):      0; slope(dB/oct): 0;
Lock-in output params
      Time constant(ms): 0; Gain: ;
      LPF - freq(Hz):      0; slope(dB/oct): 0;
dIt scale coeff(nA/V): 

Number of STS scans: 5
Position(A) relatively to left-bottom corner: (13.9,9.4)

   Usamp    It01F    It02F    It03F    It04F    It05F    It01B    It02B    It03B    It04B    It05B    dI01F    dI02F    dI03F    dI04F    dI05F    dI01B    dI02B    dI03B    dI04B    dI05B   

  -500.0   -10.133  -10.700   -7.307  -10.700   -9.600   -0.200   -0.613   -0.134   -0.307   -0.480   45.744   45.744   45.750   45.742   45.748   45.745   45.748   45.748   45.749   45.745  
  -494.0    -9.609  -10.700   -6.652  -10.700   -9.967   -0.192   -0.615   -0.134   -0.275   -0.345   45.744   45.741   45.750   45.743   45.746   45.748   45.754   45.746   45.750   45.748  
  -488.0    -9.007  -10.700   -6.779  -10.700   -9.533   -0.192   -0.587   -0.136   -0.279   -0.565   45.744   45.739   45.748   45.743   45.745   45.748   45.753   45.749   45.749   45.745  
  -482.1    -9.153  -10.700   -6.163  -10.700   -9.080   -0.194   -0.566   -0.125   -0.271   -0.574   45.745   45.741   45.750   45.747   45.748   45.748   45.755   45.751   45.750   45.744  
  -476.1    -8.886  -10.700   -5.843  -10.699   -9.523   -0.183   -0.580   -0.123   -0.246   -0.578   45.745   45.745   45.754   45.748   45.751   45.745   45.757   45.750   45.753   45.746  
  -470.1    -8.727  -10.700   -5.959  -10.700   -9.486   -0.193   -0.591   -0.125   -0.292   -0.554   45.747   45.742   45.752   45.752   45.749   45.745   45.755   45.747   45.750   45.745  
  -464.1    -8.454  -10.700   -5.591  -10.700   -8.076   -0.181   -0.584   -0.116   -0.270   -0.612   45.744   45.744   45.751   45.749   45.750   45.750   45.755   45.747   45.753   45.745  
  -458.1    -8.267  -10.700   -5.675  -10.699   -7.886   -0.179   -0.597   -0.117   -0.248   -0.549   45.744   45.745   45.754   45.748   45.748   45.751   45.755   45.749   45.752   45.746  
  -452.2    -7.818  -10.700   -5.722  -10.642   -7.617   -0.176   -0.609   -0.107   -0.233   -0.564   45.746   45.750   45.758   45.753   45.748   45.751   45.758   45.750   45.753   45.746  
  -446.2    -7.632  -10.700   -5.330  -10.584   -6.823   -0.171   -0.618   -0.108   -0.254   -0.556   45.743   45.747   45.751   45.749   45.746   45.749   45.756   45.748   45.755   45.747  
  -440.2    -7.437  -10.700   -5.098   -9.187   -6.461   -0.165   -0.585   -0.108   -0.265   -0.566   45.745   45.751   45.752   45.753   45.748   45.748   45.753   45.751   45.755   45.747  
  -434.2    -7.141  -10.700   -5.254   -9.196   -6.854   -0.183   -0.563   -0.103   -0.227   -0.525   45.746   45.751   45.753   45.751   45.751   45.752   45.753   45.754   45.756   45.751  
  -428.2    -6.818  -10.700   -5.422   -8.719   -6.078   -0.179   -0.532   -0.105   -0.248   -0.499   45.744   45.749   45.746   45.749   45.748   45.749   45.750   45.749   45.752   45.745  
  -422.3    -6.439  -10.667   -4.950   -8.653   -5.690   -0.173   -0.552   -0.103   -0.244   -0.476   45.739   45.749   45.741   45.747   45.747   45.753   45.751   45.747   45.750   45.745  
  -416.3    -5.702  -10.489   -4.808   -7.778   -6.029   -0.163   -0.540   -0.101   -0.237   -0.508   45.741   45.748   45.742   45.749   45.748   45.750   45.751   45.750   45.755   45.745  
  -410.3    -5.666  -10.467   -4.256   -7.139   -5.384   -0.161   -0.545   -0.100   -0.238   -0.469   45.745   45.750   45.741   45.750   45.751   45.752   45.752   45.751   45.758   45.747  
  -404.3    -5.455  -10.135   -4.276   -7.159   -5.342   -0.135   -0.497   -0.099   -0.219   -0.430   45.741   45.748   45.740   45.748   45.748   45.749   45.751   45.749   45.758   45.747  
  -398.3    -5.240   -9.734   -3.929   -7.556   -5.117   -0.138   -0.486   -0.092   -0.210   -0.327   45.742   45.750   45.741   45.749   45.747   45.750   45.753   45.752   45.758   45.748  
  -392.4    -5.233   -9.490   -3.911   -7.724   -4.850   -0.142   -0.495   -0.090   -0.217   -0.341   45.744   45.751   45.740   45.751   45.748   45.750   45.756   45.756   45.758   45.748  
  -386.4    -5.036   -8.875   -4.090   -7.286   -5.064   -0.139   -0.513   -0.089   -0.216   -0.321   45.743   45.753   45.741   45.748   45.748   45.751   45.757   45.754   45.760   45.747  
  -380.4    -4.936   -8.084   -4.022   -7.038   -5.038   -0.141   -0.491   -0.088   -0.224   -0.299   45.745   45.750   45.742   45.749   45.745   45.750   45.756   45.750   45.758   45.745  
  -374.4    -4.473   -7.937   -3.735   -6.285   -4.504   -0.129   -0.457   -0.088   -0.216   -0.295   45.744   45.751   45.744   45.752   45.746   45.755   45.756   45.752   45.760   45.749  
  -368.4    -4.344   -7.618   -3.920   -6.248   -3.958   -0.124   -0.445   -0.091   -0.216   -0.265   45.744   45.750   45.745   45.754   45.747   45.756   45.758   45.753   45.762   45.748  
  -362.5    -4.209   -7.219   -3.599   -5.886   -4.390   -0.131   -0.437   -0.089   -0.224   -0.250   45.744   45.750   45.742   45.752   45.747   45.757   45.756   45.751   45.761   45.748  
  -356.5    -3.958   -6.703   -2.741   -5.663   -4.678   -0.123   -0.438   -0.089   -0.250   -0.264   45.744   45.751   45.747   45.753   45.747   45.753   45.757   45.753   45.760   45.748  
  -350.5    -4.196   -6.784   -2.770   -5.792   -4.272   -0.119   -0.426   -0.090   -0.242   -0.268   45.746   45.752   45.746   45.754   45.747   45.755   45.760   45.752   45.760   45.750  
  -344.5    -4.057   -6.870   -2.740   -5.865   -4.010   -0.121   -0.406   -0.086   -0.184   -0.275   45.747   45.751   45.744   45.753   45.744   45.756   45.758   45.752   45.758   45.748  
  -338.5    -3.602   -6.705   -2.179   -5.859   -3.699   -0.123   -0.401   -0.080   -0.176   -0.255   45.740   45.748   45.738   45.748   45.743   45.751   45.755   45.749   45.753   45.745  
  -332.6    -3.694   -6.821   -2.267   -5.688   -3.722   -0.111   -0.396   -0.083   -0.174   -0.231   45.741   45.747   45.738   45.750   45.745   45.750   45.757   45.750   45.754   45.747  
  -326.6    -3.478   -6.116   -2.362   -5.256   -3.990   -0.099   -0.381   -0.084   -0.161   -0.224   45.741   45.747   45.741   45.751   45.744   45.753   45.758   45.751   45.753   45.747  
  -320.6    -3.222   -6.057   -2.014   -4.759   -3.986   -0.101   -0.384   -0.084   -0.159   -0.225   45.741   45.750   45.740   45.748   45.748   45.752   45.757   45.751   45.751   45.747  
  -314.6    -2.978   -6.162   -1.997   -4.825   -3.607   -0.096   -0.387   -0.078   -0.151   -0.215   45.743   45.749   45.742   45.750   45.748   45.754   45.757   45.751   45.752   45.748  
  -308.6    -2.857   -5.999   -2.206   -4.715   -3.697   -0.090   -0.416   -0.076   -0.155   -0.217   45.745   45.750   45.742   45.751   45.748   45.753   45.757   45.751   45.752   45.749  
  -302.7    -2.946   -4.761   -2.181   -4.128   -3.691   -0.086   -0.399   -0.076   -0.153   -0.191   45.748   45.748   45.741   45.747   45.751   45.761   45.759   45.755   45.760   45.751  
  -296.7    -3.015   -4.692   -1.836   -4.006   -3.443   -0.091   -0.385   -0.068   -0.152   -0.193   45.746   45.747   45.742   45.745   45.754   45.758   45.757   45.751   45.760   45.750  
  -290.7    -3.002   -4.249   -2.127   -3.711   -3.206   -0.107   -0.348   -0.067   -0.140   -0.209   45.747   45.747   45.744   45.745   45.754   45.757   45.759   45.753   45.759   45.751  
  -284.7    -2.883   -4.109   -1.782   -3.462   -3.369   -0.104   -0.350   -0.067   -0.137   -0.204   45.747   45.748   45.746   45.746   45.756   45.755   45.763   45.753   45.759   45.751  
  -278.7    -2.769   -3.624   -1.592   -3.633   -3.173   -0.102   -0.357   -0.062   -0.136   -0.166   45.749   45.750   45.747   45.748   45.759   45.755   45.769   45.752   45.759   45.751  
  -272.8    -2.525   -3.357   -1.616   -3.416   -2.975   -0.089   -0.350   -0.062   -0.133   -0.161   45.744   45.750   45.747   45.746   45.757   45.756   45.764   45.751   45.761   45.752  
  -266.8    -2.451   -3.316   -1.649   -3.323   -2.877   -0.094   -0.330   -0.062   -0.133   -0.181   45.745   45.751   45.748   45.749   45.759   45.754   45.764   45.752   45.762   45.753  
  -260.8    -2.428   -3.298   -1.474   -3.189   -2.850   -0.099   -0.378   -0.060   -0.109   -0.188   45.744   45.752   45.748   45.749   45.761   45.753   45.766   45.754   45.763   45.753  
  -254.8    -2.212   -2.951   -1.466   -2.843   -2.802   -0.105   -0.327   -0.058   -0.116   -0.170   45.741   45.747   45.743   45.745   45.756   45.750   45.760   45.750   45.756   45.749  
  -248.8    -2.180   -2.938   -1.380   -2.819   -2.714   -0.105   -0.294   -0.058   -0.118   -0.161   45.743   45.750   45.746   45.746   45.757   45.751   45.757   45.752   45.760   45.748  
  -242.9    -2.106   -2.542   -0.941   -2.549   -2.443   -0.093   -0.303   -0.058   -0.117   -0.185   45.748   45.750   45.744   45.745   45.753   45.757   45.758   45.755   45.761   45.750  
  -236.9    -2.032   -2.654   -0.815   -2.448   -2.263   -0.084   -0.290   -0.054   -0.114   -0.162   45.748   45.747   45.751   45.742   45.755   45.756   45.761   45.754   45.757   45.746  
  -230.9    -1.975   -2.590   -0.900   -2.186   -2.165   -0.078   -0.275   -0.053   -0.110   -0.166   45.747   45.742   45.747   45.743   45.756   45.758   45.761   45.755   45.760   45.748  
  -224.9    -1.932   -2.276   -1.008   -2.134   -2.035   -0.080   -0.264   -0.052   -0.115   -0.169   45.748   45.746   45.746   45.745   45.755   45.758   45.765   45.756   45.761   45.750  
  -218.9    -1.774   -2.040   -0.962   -2.111   -1.911   -0.077   -0.257   -0.051   -0.122   -0.145   45.752   45.747   45.748   45.747   45.757   45.763   45.765   45.755   45.764   45.750  
  -213.0    -1.780   -2.000   -1.103   -2.023   -1.885   -0.074   -0.279   -0.049   -0.117   -0.143   45.748   45.745   45.745   45.744   45.753   45.756   45.763   45.749   45.758   45.747  
  -207.0    -1.575   -1.994   -0.955   -1.923   -1.690   -0.067   -0.282   -0.051   -0.111   -0.128   45.752   45.748   45.747   45.746   45.756   45.755   45.762   45.752   45.760   45.749  
  -201.0    -1.575   -1.924   -0.935   -1.828   -1.575   -0.066   -0.251   -0.049   -0.105   -0.130   45.752   45.751   45.746   45.745   45.758   45.756   45.765   45.752   45.751   45.752  
  -195.0    -1.382   -1.884   -0.876   -1.815   -1.455   -0.064   -0.218   -0.046   -0.112   -0.135   45.754   45.747   45.748   45.746   45.757   45.760   45.768   45.752   45.751   45.750  
  -189.0    -1.272   -1.799   -0.877   -1.808   -1.409   -0.065   -0.219   -0.047   -0.110   -0.118   45.751   45.749   45.748   45.745   45.756   45.762   45.768   45.756   45.752   45.748  
  -183.1    -1.204   -1.729   -0.764   -1.717   -1.275   -0.062   -0.217   -0.047   -0.104   -0.111   45.751   45.748   45.751   45.744   45.758   45.760   45.768   45.757   45.755   45.751  
  -177.1    -1.157   -1.580   -0.701   -1.566   -1.146   -0.058   -0.215   -0.043   -0.106   -0.099   45.750   45.750   45.751   45.746   45.761   45.761   45.767   45.755   45.756   45.752  
  -171.1    -1.096   -1.521   -0.659   -1.573   -1.223   -0.057   -0.220   -0.042   -0.098   -0.102   45.745   45.748   45.744   45.744   45.753   45.753   45.763   45.753   45.749   45.746  
  -165.1    -1.030   -1.364   -0.660   -1.527   -1.255   -0.053   -0.203   -0.042   -0.091   -0.106   45.749   45.747   45.745   45.744   45.753   45.754   45.764   45.750   45.750   45.749  
  -159.1    -0.919   -1.310   -0.621   -1.437   -1.132   -0.050   -0.202   -0.043   -0.093   -0.098   45.748   45.743   45.744   45.744   45.754   45.753   45.763   45.752   45.751   45.749  
  -153.2    -0.918   -1.382   -0.587   -1.354   -1.103   -0.047   -0.184   -0.041   -0.091   -0.111   45.749   45.747   45.747   45.746   45.755   45.757   45.765   45.756   45.755   45.749  
  -147.2    -0.920   -1.260   -0.445   -1.228   -1.043   -0.048   -0.188   -0.038   -0.102   -0.098   45.751   45.744   45.748   45.747   45.756   45.759   45.765   45.755   45.751   45.747  
  -141.2    -0.925   -1.136   -0.432   -1.059   -1.035   -0.046   -0.193   -0.036   -0.085   -0.103   45.749   45.746   45.747   45.747   45.755   45.756   45.764   45.755   45.752   45.750  
  -135.2    -0.832   -1.064   -0.427   -1.062   -0.983   -0.040   -0.153   -0.035   -0.090   -0.100   45.749   45.748   45.749   45.749   45.754   45.756   45.763   45.758   45.751   45.752  
  -129.2    -0.847   -0.891   -0.399   -0.883   -0.811   -0.039   -0.155   -0.036   -0.081   -0.104   45.751   45.746   45.749   45.745   45.755   45.753   45.763   45.756   45.749   45.751  
  -123.3    -0.765   -0.910   -0.365   -0.812   -0.726   -0.039   -0.155   -0.035   -0.076   -0.104   45.751   45.748   45.748   45.747   45.757   45.756   45.762   45.759   45.749   45.752  
  -117.3    -0.750   -0.998   -0.340   -0.832   -0.730   -0.038   -0.139   -0.033   -0.073   -0.096   45.750   45.748   45.749   45.750   45.759   45.754   45.760   45.758   45.752   45.750  
  -111.3    -0.692   -0.951   -0.290   -0.746   -0.659   -0.040   -0.133   -0.033   -0.069   -0.079   45.750   45.748   45.750   45.750   45.758   45.754   45.767   45.766   45.754   45.751  
  -105.3    -0.638   -0.776   -0.261   -0.787   -0.601   -0.040   -0.118   -0.033   -0.062   -0.069   45.750   45.751   45.751   45.750   45.748   45.752   45.767   45.763   45.756   45.752  
   -99.3    -0.587   -0.834   -0.249   -0.687   -0.535   -0.037   -0.115   -0.032   -0.059   -0.073   45.751   45.751   45.752   45.750   45.749   45.754   45.768   45.765   45.757   45.753  
   -93.4    -0.546   -0.810   -0.223   -0.602   -0.459   -0.036   -0.108   -0.030   -0.067   -0.068   45.751   45.752   45.751   45.749   45.751   45.757   45.766   45.766   45.756   45.753  
   -87.4    -0.512   -0.749   -0.208   -0.561   -0.402   -0.037   -0.122   -0.028   -0.062   -0.064   45.744   45.751   45.746   45.746   45.749   45.752   45.757   45.765   45.749   45.749  
   -81.4    -0.443   -0.761   -0.184   -0.526   -0.355   -0.034   -0.121   -0.027   -0.050   -0.064   45.747   45.749   45.748   45.744   45.750   45.752   45.757   45.762   45.751   45.750  
   -75.4    -0.434   -0.715   -0.152   -0.490   -0.309   -0.033   -0.095   -0.026   -0.044   -0.061   45.749   45.747   45.746   45.746   45.750   45.753   45.760   45.765   45.753   45.752  
   -69.4    -0.382   -0.654   -0.146   -0.342   -0.303   -0.031   -0.099   -0.024   -0.042   -0.057   45.752   45.751   45.750   45.747   45.751   45.753   45.760   45.767   45.753   45.753  
   -63.5    -0.353   -0.552   -0.152   -0.243   -0.274   -0.029   -0.105   -0.023   -0.041   -0.057   45.748   45.746   45.748   45.748   45.748   45.754   45.755   45.763   45.751   45.753  
   -57.5    -0.350   -0.490   -0.139   -0.226   -0.219   -0.028   -0.091   -0.023   -0.039   -0.057   45.751   45.746   45.748   45.750   45.751   45.753   45.758   45.764   45.752   45.756  
   -51.5    -0.278   -0.390   -0.113   -0.200   -0.182   -0.026   -0.083   -0.022   -0.036   -0.052   45.749   45.750   45.749   45.748   45.749   45.753   45.758   45.765   45.752   45.755  
   -45.5    -0.229   -0.346   -0.102   -0.161   -0.162   -0.025   -0.074   -0.020   -0.036   -0.040   45.750   45.751   45.750   45.748   45.750   45.749   45.758   45.762   45.754   45.754  
   -39.5    -0.205   -0.327   -0.086   -0.146   -0.139   -0.023   -0.060   -0.019   -0.032   -0.029   45.751   45.752   45.750   45.748   45.750   45.751   45.756   45.765   45.753   45.753  
   -33.6    -0.169   -0.287   -0.072   -0.109   -0.129   -0.021   -0.056   -0.019   -0.028   -0.028   45.752   45.750   45.754   45.748   45.751   45.752   45.758   45.766   45.756   45.756  
   -27.6    -0.127   -0.234   -0.059   -0.099   -0.094   -0.019   -0.046   -0.018   -0.026   -0.026   45.753   45.749   45.755   45.751   45.753   45.753   45.759   45.771   45.759   45.760  
   -21.6    -0.098   -0.161   -0.047   -0.074   -0.072   -0.018   -0.035   -0.017   -0.023   -0.023   45.753   45.749   45.755   45.751   45.752   45.752   45.757   45.767   45.756   45.754  
   -15.6    -0.068   -0.107   -0.032   -0.055   -0.052   -0.016   -0.027   -0.016   -0.018   -0.019   45.755   45.752   45.754   45.755   45.753   45.758   45.758   45.770   45.757   45.759  
    -9.6    -0.042   -0.067   -0.019   -0.040   -0.033   -0.015   -0.021   -0.015   -0.016   -0.015   45.757   45.755   45.755   45.756   45.756   45.758   45.762   45.770   45.757   45.761  
    -3.7    -0.015   -0.018   -0.007   -0.014   -0.010   -0.013   -0.012   -0.013   -0.013   -0.012   45.753   45.749   45.747   45.752   45.754   45.753   45.753   45.762   45.755   45.751  
     2.3     0.011    0.035    0.006    0.012    0.014   -0.012   -0.003   -0.012   -0.010   -0.009   45.731   45.729   45.730   45.734   45.732   45.746   45.743   45.758   45.746   45.744  
     8.3     0.031    0.095    0.017    0.040    0.033   -0.010    0.006   -0.010   -0.007   -0.006   45.728   45.731   45.727   45.731   45.732   45.746   45.736   45.758   45.747   45.746  
    14.3     0.062    0.146    0.034    0.052    0.051   -0.008    0.016   -0.008   -0.005   -0.004   45.729   45.732   45.730   45.735   45.733   45.746   45.734   45.756   45.747   45.746  
    20.3     0.094    0.178    0.044    0.068    0.064   -0.007    0.023   -0.006   -0.002    0.000   45.730   45.730   45.729   45.732   45.732   45.744   45.735   45.753   45.744   45.740  
    26.2     0.107    0.252    0.048    0.086    0.083   -0.004    0.036   -0.005    0.001    0.004   45.732   45.731   45.731   45.735   45.734   45.743   45.735   45.753   45.741   45.735  
    32.2     0.127    0.289    0.059    0.128    0.104   -0.002    0.054   -0.003    0.004    0.008   45.731   45.732   45.733   45.737   45.735   45.741   45.735   45.754   45.738   45.734  
    38.2     0.185    0.342    0.071    0.158    0.136    0.000    0.061   -0.001    0.008    0.011   45.732   45.732   45.732   45.733   45.734   45.739   45.737   45.751   45.734   45.733  
    44.2     0.197    0.401    0.081    0.169    0.171    0.002    0.056    0.002    0.014    0.019   45.731   45.733   45.731   45.734   45.734   45.737   45.732   45.747   45.731   45.732  
    50.2     0.241    0.441    0.101    0.222    0.190    0.004    0.063    0.004    0.017    0.025   45.731   45.735   45.732   45.733   45.736   45.737   45.734   45.747   45.732   45.733  
    56.1     0.270    0.494    0.121    0.242    0.193    0.008    0.071    0.004    0.023    0.029   45.733   45.738   45.735   45.736   45.738   45.736   45.736   45.748   45.732   45.733  
    62.1     0.262    0.622    0.125    0.261    0.217    0.010    0.113    0.009    0.029    0.032   45.732   45.737   45.732   45.735   45.736   45.737   45.735   45.745   45.731   45.734  
    68.1     0.180    0.669    0.146    0.254    0.236    0.013    0.128    0.011    0.031    0.040   45.731   45.737   45.735   45.736   45.735   45.735   45.737   45.744   45.732   45.736  
    74.1     0.208    0.848    0.153    0.313    0.269    0.015    0.113    0.014    0.036    0.045   45.733   45.737   45.736   45.740   45.738   45.737   45.738   45.744   45.733   45.734  
    80.1     0.234    0.902    0.156    0.331    0.324    0.019    0.134    0.016    0.043    0.048   45.734   45.735   45.734   45.738   45.737   45.735   45.737   45.744   45.731   45.737  
    86.0     0.230    0.967    0.175    0.382    0.354    0.027    0.156    0.017    0.058    0.056   45.731   45.735   45.729   45.733   45.735   45.734   45.734   45.743   45.728   45.735  
    92.0     0.240    0.905    0.185    0.445    0.364    0.037    0.181    0.023    0.057    0.068   45.732   45.741   45.731   45.733   45.736   45.736   45.736   45.741   45.731   45.733  
    98.0     0.286    0.988    0.197    0.447    0.407    0.032    0.226    0.022    0.062    0.092   45.733   45.741   45.731   45.736   45.738   45.736   45.737   45.743   45.729   45.736  
   104.0     0.291    1.156    0.223    0.430    0.405    0.032    0.299    0.029    0.083    0.098   45.735   45.745   45.732   45.736   45.737   45.735   45.737   45.740   45.729   45.735  
   110.0     0.339    1.109    0.245    0.421    0.424    0.035    0.316    0.030    0.094    0.106   45.735   45.745   45.734   45.737   45.737   45.737   45.738   45.745   45.731   45.734  
   115.9     0.363    1.305    0.242    0.463    0.457    0.037    0.326    0.038    0.118    0.117   45.737   45.745   45.734   45.738   45.739   45.737   45.737   45.745   45.732   45.734  
   121.9     0.350    1.293    0.281    0.478    0.497    0.039    0.368    0.036    0.129    0.122   45.737   45.748   45.735   45.739   45.738   45.738   45.737   45.745   45.735   45.733  
   127.9     0.434    1.189    0.312    0.490    0.532    0.051    0.389    0.044    0.118    0.137   45.736   45.743   45.732   45.737   45.733   45.735   45.736   45.743   45.731   45.734  
   133.9     0.365    1.619    0.299    0.535    0.510    0.051    0.457    0.073    0.128    0.133   45.734   45.746   45.735   45.738   45.737   45.736   45.738   45.744   45.731   45.736  
   139.9     0.389    1.659    0.320    0.588    0.534    0.050    0.472    0.075    0.157    0.140   45.733   45.742   45.737   45.740   45.740   45.737   45.738   45.745   45.731   45.737  
   145.8     0.376    1.677    0.344    0.602    0.533    0.050    0.491    0.074    0.177    0.131   45.732   45.742   45.738   45.741   45.741   45.736   45.738   45.744   45.735   45.736  
   151.8     0.399    1.743    0.364    0.646    0.483    0.047    0.526    0.071    0.181    0.165   45.731   45.744   45.738   45.738   45.738   45.737   45.740   45.741   45.735   45.737  
   157.8     0.423    2.069    0.416    0.690    0.530    0.057    0.577    0.073    0.219    0.175   45.733   45.745   45.738   45.739   45.740   45.740   45.739   45.743   45.736   45.738  
   163.8     0.467    2.047    0.404    0.746    0.520    0.059    0.627    0.065    0.242    0.189   45.736   45.747   45.738   45.741   45.740   45.739   45.742   45.742   45.737   45.739  
   169.8     0.465    2.119    0.399    0.689    0.567    0.064    0.641    0.077    0.258    0.205   45.730   45.741   45.732   45.736   45.737   45.730   45.736   45.740   45.731   45.735  
   175.7     0.472    2.374    0.395    0.747    0.579    0.076    0.594    0.087    0.257    0.218   45.732   45.741   45.735   45.736   45.735   45.734   45.737   45.738   45.732   45.733  
   181.7     0.439    2.536    0.410    0.827    0.569    0.086    0.634    0.098    0.252    0.225   45.734   45.744   45.740   45.736   45.737   45.736   45.736   45.739   45.736   45.736  
   187.7     0.505    2.642    0.437    0.786    0.631    0.088    0.678    0.091    0.278    0.245   45.733   45.743   45.742   45.736   45.736   45.736   45.736   45.739   45.738   45.736  
   193.7     0.484    2.662    0.480    0.839    0.655    0.109    0.666    0.124    0.283    0.276   45.736   45.740   45.741   45.738   45.737   45.735   45.737   45.740   45.738   45.739  
   199.7     0.489    2.674    0.497    0.868    0.659    0.206    0.769    0.158    0.299    0.262   45.738   45.741   45.739   45.736   45.737   45.737   45.736   45.742   45.739   45.739  
   205.6     0.505    2.630    0.519    0.909    0.701    0.227    0.793    0.186    0.327    0.293   45.737   45.742   45.740   45.739   45.738   45.739   45.738   45.745   45.737   45.738  
   211.6     0.530    3.083    0.533    0.928    0.726    0.311    0.872    0.200    0.333    0.317   45.736   45.738   45.738   45.739   45.738   45.736   45.735   45.743   45.737   45.736  
   217.6     0.551    3.033    0.568    0.973    0.758    0.350    0.902    0.198    0.369    0.294   45.736   45.738   45.740   45.739   45.736   45.738   45.737   45.742   45.737   45.736  
   223.6     0.585    2.793    0.590    0.899    0.782    0.311    0.956    0.189    0.387    0.311   45.736   45.739   45.739   45.739   45.735   45.740   45.736   45.743   45.737   45.736  
   229.6     0.609    3.084    0.568    0.913    0.808    0.337    1.038    0.214    0.429    0.336   45.739   45.740   45.740   45.742   45.735   45.743   45.736   45.745   45.738   45.737  
   235.5     0.582    3.382    0.594    1.004    0.799    0.404    1.144    0.228    0.469    0.344   45.738   45.742   45.738   45.743   45.736   45.740   45.735   45.743   45.736   45.737  
   241.5     0.582    3.359    0.632    1.082    0.926    0.423    1.276    0.236    0.518    0.431   45.737   45.743   45.738   45.744   45.738   45.737   45.739   45.742   45.737   45.739  
   247.5     0.635    3.932    0.649    1.115    0.944    0.416    1.355    0.300    0.587    0.534   45.741   45.742   45.741   45.742   45.741   45.736   45.739   45.745   45.737   45.740  
   253.5     0.675    3.419    0.674    1.105    1.066    0.537    1.619    0.293    0.604    0.579   45.735   45.738   45.736   45.740   45.738   45.736   45.734   45.742   45.733   45.735  
   259.5     0.649    3.482    0.701    1.171    1.086    0.620    1.818    0.275    0.581    0.456   45.737   45.740   45.737   45.740   45.740   45.736   45.735   45.744   45.735   45.735  
   265.4     0.669    3.318    0.717    1.310    1.095    0.628    1.792    0.317    0.590    0.445   45.734   45.743   45.736   45.740   45.740   45.735   45.736   45.742   45.735   45.736  
   271.4     0.604    3.528    0.719    1.438    1.072    0.756    1.831    0.332    0.607    0.497   45.735   45.742   45.737   45.739   45.740   45.735   45.737   45.742   45.739   45.738  
   277.4     0.621    3.675    0.738    1.346    1.162    0.836    1.905    0.368    0.710    0.515   45.736   45.743   45.736   45.738   45.740   45.733   45.736   45.740   45.744   45.737  
   283.4     0.634    3.701    0.736    1.285    1.221    0.928    1.805    0.384    0.866    0.528   45.738   45.744   45.739   45.741   45.740   45.738   45.738   45.742   45.744   45.737  
   289.4     0.689    3.865    0.785    1.375    1.284    0.833    1.951    0.428    0.820    0.547   45.738   45.743   45.737   45.744   45.743   45.742   45.740   45.744   45.745   45.738  
   295.3     0.714    3.775    0.814    1.453    1.284    1.021    1.808    0.401    0.975    0.614   45.737   45.740   45.738   45.740   45.742   45.743   45.739   45.743   45.745   45.738  
   301.3     0.716    3.642    0.808    1.485    1.290    1.067    1.996    0.326    0.972    0.624   45.736   45.740   45.739   45.741   45.740   45.741   45.737   45.745   45.747   45.738  
   307.3     0.748    4.227    0.807    1.469    1.293    1.141    2.239    0.481    0.861    0.528   45.736   45.744   45.737   45.739   45.740   45.741   45.742   45.746   45.745   45.738  
   313.3     0.790    4.247    0.809    1.417    1.365    1.321    2.154    0.516    0.971    0.508   45.740   45.745   45.739   45.740   45.742   45.740   45.741   45.743   45.749   45.741  
   319.3     0.880    4.179    0.874    1.437    1.546    1.349    2.238    0.575    0.999    0.503   45.739   45.744   45.738   45.740   45.739   45.739   45.740   45.743   45.746   45.741  
   325.2     0.944    4.402    0.982    1.458    1.610    1.092    2.295    0.632    0.995    0.549   45.741   45.747   45.741   45.739   45.739   45.741   45.742   45.742   45.748   45.741  
   331.2     0.884    4.592    0.989    1.575    1.620    1.067    2.411    0.634    0.938    0.741   45.739   45.747   45.742   45.739   45.741   45.742   45.743   45.745   45.748   45.742  
   337.2     0.914    4.119    0.997    1.600    1.578    1.311    2.499    0.637    1.002    0.860   45.736   45.743   45.738   45.737   45.736   45.737   45.739   45.743   45.745   45.735  
   343.2     1.034    4.473    0.995    1.541    1.615    1.117    2.638    0.621    1.002    0.878   45.734   45.741   45.737   45.733   45.732   45.733   45.736   45.740   45.742   45.732  
   349.2     1.067    4.759    1.094    1.727    1.599    0.921    2.732    0.653    1.011    0.921   45.737   45.744   45.737   45.735   45.735   45.733   45.735   45.740   45.741   45.735  
   355.1     1.007    4.505    1.093    1.883    1.667    0.981    2.877    0.689    1.085    0.933   45.737   45.742   45.739   45.737   45.736   45.737   45.736   45.742   45.740   45.739  
   361.1     1.118    4.876    1.055    1.884    1.611    0.953    2.951    0.696    1.118    1.025   45.735   45.735   45.736   45.734   45.733   45.737   45.733   45.740   45.740   45.735  
   367.1     1.019    4.895    1.078    2.051    1.644    0.990    3.046    0.693    1.266    1.043   45.737   45.738   45.738   45.739   45.738   45.738   45.736   45.736   45.742   45.737  
   373.1     1.134    4.604    1.106    1.937    1.764    1.193    3.346    0.683    1.250    1.115   45.738   45.738   45.737   45.739   45.739   45.739   45.740   45.737   45.742   45.738  
   379.1     1.211    4.452    1.144    1.940    1.808    1.371    3.278    0.759    1.286    1.096   45.738   45.737   45.736   45.737   45.737   45.735   45.738   45.736   45.743   45.737  
   385.0     1.127    4.924    1.172    2.061    1.762    1.500    3.213    0.865    1.327    1.092   45.737   45.737   45.741   45.736   45.738   45.737   45.736   45.735   45.742   45.739  
   391.0     1.075    4.826    1.204    2.287    1.735    1.574    3.147    0.860    1.374    1.157   45.738   45.739   45.740   45.736   45.737   45.737   45.736   45.736   45.740   45.740  
   397.0     0.990    4.925    1.218    2.231    1.743    1.836    3.570    0.859    1.399    1.213   45.739   45.741   45.741   45.737   45.738   45.736   45.738   45.737   45.743   45.739  
   403.0     1.242    5.294    1.225    2.284    1.625    1.981    3.741    0.908    1.616    1.290   45.737   45.738   45.739   45.735   45.736   45.735   45.736   45.736   45.742   45.738  
   409.0     1.351    5.304    1.268    2.306    1.739    1.796    3.920    0.956    1.580    1.373   45.736   45.742   45.742   45.739   45.740   45.734   45.737   45.736   45.745   45.737  
   414.9     1.415    5.383    1.325    2.307    1.736    1.718    4.388    1.006    1.560    1.371   45.736   45.741   45.740   45.738   45.740   45.732   45.738   45.738   45.744   45.738  
   420.9     2.052    5.671    1.276    2.479    1.756    1.637    4.480    1.044    1.603    1.397   45.738   45.740   45.738   45.737   45.738   45.732   45.740   45.738   45.744   45.737  
   426.9     2.242    5.653    1.308    2.585    1.794    1.710    4.732    1.049    1.833    1.460   45.734   45.736   45.736   45.737   45.734   45.735   45.738   45.737   45.742   45.734  
   432.9     2.311    5.586    1.330    2.474    1.888    1.649    4.723    1.074    1.818    1.476   45.738   45.737   45.738   45.746   45.737   45.735   45.741   45.739   45.746   45.735  
   438.9     2.380    6.057    1.374    2.413    1.808    1.694    5.003    1.165    1.757    1.596   45.739   45.737   45.740   45.746   45.738   45.734   45.741   45.740   45.748   45.737  
   444.8     2.091    6.507    1.392    2.448    1.895    1.888    5.035    1.243    1.814    1.636   45.739   45.737   45.738   45.748   45.737   45.737   45.740   45.740   45.746   45.738  
   450.8     2.215    6.379    1.443    2.555    1.984    2.168    4.914    1.258    1.911    1.771   45.740   45.738   45.740   45.748   45.740   45.737   45.742   45.739   45.744   45.738  
   456.8     1.716    6.457    1.478    2.684    2.202    2.252    5.287    1.331    2.042    2.020   45.738   45.739   45.741   45.745   45.740   45.735   45.738   45.740   45.745   45.740  
   462.8     1.931    6.423    1.438    2.578    2.213    2.366    5.476    1.418    2.444    2.034   45.739   45.740   45.741   45.750   45.743   45.737   45.740   45.737   45.745   45.740  
   468.8     1.845    6.487    1.538    2.599    2.335    2.311    5.690    1.442    2.526    2.080   45.738   45.736   45.738   45.745   45.740   45.738   45.737   45.736   45.742   45.736  
   474.7     1.918    6.580    1.656    2.971    2.581    2.445    6.286    1.744    2.369    2.138   45.742   45.740   45.738   45.746   45.741   45.740   45.740   45.734   45.743   45.741  
   480.7     2.393    6.635    1.590    3.072    2.451    2.426    6.442    1.787    2.521    2.194   45.742   45.745   45.740   45.747   45.742   45.739   45.741   45.739   45.745   45.741  
   486.7     2.604    6.451    1.630    3.052    2.344    2.535    6.474    1.649    2.630    2.295   45.742   45.742   45.741   45.746   45.742   45.740   45.740   45.738   45.743   45.741  
   492.7     2.889    6.438    1.780    3.031    2.375    2.776    6.579    1.748    3.060    2.402   45.743   45.743   45.743   45.746   45.741   45.743   45.742   45.739   45.743   45.743  
