Wed Jun 09 18:45:24 2021

21.06.02-03_007.top image. S03

Comment: Graphite ni

Us modulation: OFF; Frq(Hz): 1333; Amp(mV): 2.00;
Us base(mV): -150; It setpoint(nA): 0.5;
Us Start(mV): -500; End(mV): 498; Step(mV): 5.98;
Us sweep rate(mV/s): 50.0; sweep delay(ms): 10;
Ccomp modulation: OFF; Amp(mV): 0.0; Phase(deg): 0.0
Lock-in input params
      Sensitivity(mV): ; Phase(deg): ;
      LPF - freq(Hz):      0; slope(dB/oct): 0;
      HPF - freq(Hz):      0; slope(dB/oct): 0;
Lock-in output params
      Time constant(ms): 0; Gain: ;
      LPF - freq(Hz):      0; slope(dB/oct): 0;
dIt scale coeff(nA/V): 

Number of STS scans: 5
Position(A) relatively to left-bottom corner: (11.8,10.9)

   Usamp    It01F    It02F    It03F    It04F    It05F    It01B    It02B    It03B    It04B    It05B    dI01F    dI02F    dI03F    dI04F    dI05F    dI01B    dI02B    dI03B    dI04B    dI05B   

  -500.0   -10.700   -7.832  -10.700  -10.700  -10.700   -0.270   -0.056   -0.251   -0.301   -0.436   45.747   45.750   45.754   45.755   45.745   45.752   45.768   45.757   45.751   45.744  
  -494.0   -10.700   -7.381  -10.700  -10.700  -10.700   -0.278   -0.057   -0.261   -0.252   -0.407   45.746   45.748   45.756   45.755   45.747   45.754   45.774   45.759   45.754   45.749  
  -488.0   -10.700   -7.378  -10.700  -10.700  -10.700   -0.247   -0.060   -0.268   -0.254   -0.411   45.745   45.748   45.758   45.750   45.747   45.751   45.769   45.754   45.752   45.748  
  -482.1   -10.700   -7.117  -10.700  -10.700  -10.700   -0.222   -0.060   -0.302   -0.236   -0.388   45.746   45.749   45.760   45.753   45.747   45.755   45.768   45.754   45.754   45.749  
  -476.1   -10.700   -6.892  -10.700  -10.700  -10.700   -0.233   -0.057   -0.291   -0.235   -0.379   45.749   45.753   45.762   45.756   45.745   45.757   45.771   45.757   45.755   45.753  
  -470.1   -10.700   -6.991  -10.700  -10.700  -10.700   -0.264   -0.054   -0.287   -0.228   -0.406   45.748   45.751   45.757   45.753   45.743   45.751   45.771   45.755   45.752   45.751  
  -464.1   -10.700   -6.841  -10.700  -10.700  -10.700   -0.230   -0.057   -0.285   -0.224   -0.359   45.749   45.752   45.757   45.756   45.745   45.752   45.770   45.755   45.753   45.750  
  -458.1   -10.700   -6.038  -10.700  -10.700  -10.700   -0.257   -0.056   -0.263   -0.206   -0.348   45.747   45.755   45.758   45.757   45.744   45.752   45.771   45.757   45.753   45.749  
  -452.2   -10.700   -5.951  -10.700  -10.700  -10.700   -0.312   -0.059   -0.229   -0.205   -0.334   45.750   45.757   45.759   45.762   45.748   45.755   45.774   45.757   45.755   45.748  
  -446.2   -10.700   -5.604  -10.700  -10.697  -10.700   -0.294   -0.062   -0.224   -0.225   -0.342   45.748   45.756   45.760   45.764   45.747   45.755   45.771   45.754   45.755   45.751  
  -440.2   -10.700   -5.029  -10.700  -10.698  -10.700   -0.309   -0.059   -0.230   -0.213   -0.346   45.748   45.755   45.762   45.764   45.745   45.756   45.772   45.755   45.760   45.750  
  -434.2   -10.700   -5.102  -10.700  -10.682  -10.700   -0.262   -0.053   -0.199   -0.201   -0.351   45.751   45.752   45.765   45.766   45.747   45.759   45.774   45.759   45.758   45.752  
  -428.2   -10.700   -4.949  -10.700  -10.550  -10.700   -0.290   -0.053   -0.202   -0.186   -0.348   45.748   45.752   45.762   45.763   45.743   45.753   45.769   45.751   45.752   45.751  
  -422.3   -10.698   -4.530  -10.700  -10.599  -10.700   -0.303   -0.053   -0.199   -0.186   -0.335   45.749   45.750   45.766   45.763   45.743   45.753   45.769   45.752   45.752   45.746  
  -416.3   -10.662   -4.749  -10.695  -10.673  -10.700   -0.260   -0.050   -0.191   -0.178   -0.332   45.755   45.747   45.770   45.759   45.745   45.752   45.771   45.754   45.754   45.750  
  -410.3   -10.627   -4.810  -10.688  -10.344  -10.700   -0.244   -0.051   -0.188   -0.175   -0.325   45.752   45.749   45.773   45.765   45.744   45.754   45.771   45.759   45.754   45.752  
  -404.3   -10.291   -4.548  -10.700   -9.557  -10.700   -0.218   -0.057   -0.190   -0.174   -0.287   45.751   45.749   45.762   45.766   45.742   45.753   45.770   45.759   45.755   45.756  
  -398.3    -9.914   -4.497  -10.700   -9.448  -10.700   -0.233   -0.047   -0.220   -0.173   -0.299   45.753   45.751   45.761   45.769   45.748   45.756   45.772   45.767   45.758   45.760  
  -392.4    -9.900   -4.242  -10.700   -8.800  -10.700   -0.233   -0.048   -0.245   -0.176   -0.296   45.752   45.750   45.763   45.767   45.746   45.760   45.775   45.763   45.756   45.761  
  -386.4    -9.371   -3.763  -10.700   -9.056  -10.589   -0.322   -0.050   -0.227   -0.174   -0.284   45.753   45.751   45.763   45.766   45.752   45.764   45.775   45.764   45.755   45.760  
  -380.4    -8.728   -3.604  -10.700   -9.290  -10.118   -0.311   -0.049   -0.266   -0.173   -0.268   45.754   45.751   45.769   45.764   45.748   45.766   45.773   45.764   45.755   45.762  
  -374.4    -8.476   -3.576  -10.685   -7.854   -9.598   -0.314   -0.046   -0.263   -0.185   -0.266   45.756   45.750   45.772   45.765   45.758   45.764   45.774   45.764   45.758   45.758  
  -368.4    -8.162   -3.388  -10.664   -7.490   -9.389   -0.252   -0.047   -0.256   -0.178   -0.257   45.757   45.752   45.768   45.766   45.763   45.766   45.774   45.765   45.758   45.761  
  -362.5    -7.894   -3.245  -10.671   -8.403   -8.852   -0.169   -0.047   -0.247   -0.180   -0.253   45.756   45.754   45.769   45.764   45.762   45.767   45.774   45.767   45.758   45.763  
  -356.5    -7.673   -3.268  -10.615   -7.757   -8.529   -0.175   -0.051   -0.251   -0.180   -0.242   45.757   45.752   45.770   45.765   45.763   45.765   45.776   45.770   45.760   45.763  
  -350.5    -7.289   -3.159  -10.384   -7.402   -8.157   -0.175   -0.044   -0.248   -0.185   -0.235   45.756   45.752   45.768   45.767   45.761   45.769   45.773   45.770   45.759   45.764  
  -344.5    -6.928   -3.193  -10.294   -7.656   -8.057   -0.169   -0.045   -0.235   -0.177   -0.203   45.755   45.753   45.769   45.765   45.762   45.765   45.770   45.765   45.756   45.763  
  -338.5    -6.795   -3.082   -8.793   -7.139   -8.710   -0.180   -0.063   -0.239   -0.184   -0.182   45.750   45.750   45.764   45.760   45.759   45.764   45.767   45.762   45.755   45.759  
  -332.6    -6.227   -2.974   -8.114   -6.259   -8.288   -0.139   -0.050   -0.229   -0.184   -0.188   45.753   45.752   45.768   45.765   45.759   45.763   45.768   45.763   45.752   45.760  
  -326.6    -5.994   -2.654   -7.416   -6.163   -8.035   -0.120   -0.052   -0.231   -0.181   -0.194   45.753   45.751   45.767   45.765   45.759   45.762   45.770   45.766   45.755   45.764  
  -320.6    -5.957   -2.694   -6.607   -5.388   -7.089   -0.145   -0.054   -0.231   -0.176   -0.209   45.752   45.749   45.768   45.762   45.755   45.755   45.770   45.763   45.753   45.762  
  -314.6    -6.135   -2.482   -6.784   -5.098   -5.932   -0.139   -0.061   -0.220   -0.163   -0.205   45.755   45.749   45.772   45.762   45.758   45.755   45.772   45.764   45.750   45.765  
  -308.6    -5.588   -2.275   -6.172   -5.499   -5.936   -0.134   -0.057   -0.213   -0.151   -0.192   45.755   45.751   45.772   45.762   45.759   45.756   45.771   45.766   45.753   45.764  
  -302.7    -5.291   -2.265   -5.714   -5.242   -5.881   -0.122   -0.058   -0.209   -0.157   -0.174   45.755   45.751   45.771   45.764   45.762   45.757   45.769   45.767   45.752   45.767  
  -296.7    -5.218   -2.356   -5.958   -4.873   -5.993   -0.120   -0.056   -0.195   -0.163   -0.170   45.751   45.749   45.768   45.761   45.761   45.755   45.765   45.764   45.752   45.764  
  -290.7    -4.772   -1.939   -6.166   -4.958   -5.093   -0.116   -0.056   -0.183   -0.148   -0.173   45.754   45.749   45.768   45.761   45.757   45.758   45.760   45.764   45.751   45.766  
  -284.7    -4.591   -1.943   -6.718   -5.053   -5.270   -0.124   -0.051   -0.202   -0.147   -0.163   45.754   45.752   45.771   45.763   45.758   45.758   45.761   45.768   45.753   45.763  
  -278.7    -4.487   -1.774   -6.241   -4.511   -5.548   -0.133   -0.054   -0.188   -0.147   -0.186   45.752   45.753   45.771   45.761   45.760   45.754   45.761   45.766   45.754   45.766  
  -272.8    -4.280   -1.789   -6.259   -4.546   -4.607   -0.128   -0.054   -0.190   -0.144   -0.171   45.755   45.751   45.771   45.758   45.762   45.754   45.761   45.768   45.754   45.764  
  -266.8    -4.067   -1.454   -5.431   -4.292   -3.950   -0.124   -0.044   -0.190   -0.137   -0.169   45.755   45.754   45.770   45.760   45.762   45.757   45.765   45.772   45.756   45.764  
  -260.8    -4.062   -1.283   -5.020   -3.802   -4.044   -0.116   -0.055   -0.183   -0.134   -0.148   45.754   45.750   45.768   45.763   45.761   45.758   45.763   45.771   45.754   45.763  
  -254.8    -3.963   -1.194   -4.750   -4.176   -3.735   -0.110   -0.053   -0.172   -0.124   -0.143   45.748   45.743   45.763   45.756   45.757   45.754   45.758   45.769   45.750   45.760  
  -248.8    -3.587   -1.151   -4.460   -4.250   -4.059   -0.112   -0.056   -0.181   -0.121   -0.146   45.749   45.747   45.765   45.760   45.757   45.757   45.758   45.770   45.752   45.764  
  -242.9    -3.431   -1.148   -3.914   -4.279   -3.977   -0.145   -0.053   -0.179   -0.115   -0.138   45.752   45.751   45.766   45.760   45.757   45.758   45.761   45.772   45.754   45.764  
  -236.9    -3.312   -1.062   -4.168   -3.827   -3.674   -0.189   -0.050   -0.171   -0.112   -0.131   45.751   45.750   45.763   45.758   45.758   45.753   45.759   45.764   45.755   45.762  
  -230.9    -3.093   -1.038   -4.145   -4.259   -3.219   -0.198   -0.050   -0.152   -0.112   -0.132   45.750   45.749   45.766   45.758   45.755   45.753   45.759   45.764   45.755   45.765  
  -224.9    -2.929   -1.092   -3.625   -3.623   -3.194   -0.181   -0.051   -0.147   -0.105   -0.150   45.755   45.750   45.771   45.762   45.761   45.757   45.764   45.770   45.756   45.765  
  -218.9    -2.714   -1.071   -3.366   -3.501   -2.871   -0.193   -0.052   -0.149   -0.108   -0.144   45.756   45.750   45.772   45.764   45.763   45.757   45.765   45.774   45.756   45.768  
  -213.0    -2.630   -1.004   -3.175   -3.223   -2.387   -0.206   -0.053   -0.147   -0.114   -0.144   45.751   45.749   45.768   45.758   45.759   45.756   45.760   45.769   45.755   45.762  
  -207.0    -2.569   -0.791   -2.959   -3.146   -2.670   -0.187   -0.056   -0.134   -0.117   -0.160   45.751   45.752   45.771   45.760   45.763   45.755   45.761   45.769   45.756   45.763  
  -201.0    -2.372   -0.821   -2.484   -2.835   -2.314   -0.170   -0.053   -0.125   -0.117   -0.154   45.751   45.752   45.768   45.760   45.764   45.753   45.763   45.768   45.755   45.762  
  -195.0    -2.149   -0.700   -2.083   -3.081   -2.186   -0.171   -0.049   -0.113   -0.113   -0.149   45.753   45.752   45.768   45.757   45.765   45.753   45.763   45.769   45.753   45.759  
  -189.0    -2.022   -0.706   -2.259   -3.045   -2.050   -0.178   -0.046   -0.109   -0.101   -0.137   45.753   45.753   45.773   45.759   45.767   45.754   45.764   45.770   45.757   45.757  
  -183.1    -1.908   -0.695   -2.008   -2.907   -2.035   -0.169   -0.045   -0.114   -0.100   -0.144   45.752   45.752   45.764   45.761   45.767   45.756   45.764   45.770   45.759   45.758  
  -177.1    -1.816   -0.565   -1.927   -2.951   -1.849   -0.157   -0.040   -0.106   -0.098   -0.136   45.753   45.755   45.767   45.766   45.766   45.757   45.767   45.774   45.765   45.762  
  -171.1    -1.696   -0.589   -1.745   -2.666   -1.829   -0.159   -0.044   -0.101   -0.097   -0.124   45.748   45.750   45.762   45.753   45.762   45.750   45.761   45.768   45.760   45.756  
  -165.1    -1.569   -0.575   -1.606   -2.524   -1.747   -0.148   -0.039   -0.097   -0.093   -0.118   45.749   45.749   45.764   45.757   45.761   45.749   45.759   45.768   45.762   45.758  
  -159.1    -1.476   -0.514   -1.512   -2.188   -1.587   -0.153   -0.039   -0.099   -0.092   -0.114   45.755   45.748   45.763   45.759   45.766   45.751   45.763   45.770   45.762   45.758  
  -153.2    -1.466   -0.487   -1.270   -1.998   -1.594   -0.143   -0.040   -0.096   -0.083   -0.109   45.754   45.750   45.765   45.761   45.767   45.753   45.767   45.772   45.766   45.758  
  -147.2    -1.281   -0.474   -1.178   -1.839   -1.423   -0.138   -0.034   -0.089   -0.081   -0.110   45.750   45.751   45.764   45.762   45.769   45.752   45.768   45.770   45.764   45.756  
  -141.2    -1.238   -0.387   -1.016   -1.933   -1.230   -0.133   -0.034   -0.086   -0.082   -0.104   45.747   45.753   45.769   45.752   45.768   45.755   45.769   45.771   45.767   45.761  
  -135.2    -1.163   -0.330   -1.073   -1.714   -1.278   -0.128   -0.033   -0.084   -0.078   -0.096   45.750   45.754   45.769   45.749   45.767   45.757   45.768   45.771   45.768   45.761  
  -129.2    -1.061   -0.325   -0.938   -1.547   -1.215   -0.122   -0.031   -0.073   -0.072   -0.104   45.751   45.752   45.764   45.750   45.763   45.757   45.768   45.768   45.766   45.759  
  -123.3    -0.977   -0.320   -0.991   -1.501   -1.085   -0.118   -0.031   -0.073   -0.070   -0.099   45.753   45.753   45.764   45.749   45.763   45.758   45.774   45.773   45.765   45.760  
  -117.3    -0.902   -0.266   -0.824   -1.503   -1.069   -0.108   -0.030   -0.066   -0.068   -0.096   45.755   45.756   45.766   45.749   45.766   45.761   45.771   45.773   45.765   45.764  
  -111.3    -0.810   -0.250   -0.776   -1.278   -1.080   -0.097   -0.031   -0.062   -0.065   -0.091   45.756   45.751   45.766   45.750   45.764   45.760   45.772   45.772   45.769   45.762  
  -105.3    -0.859   -0.222   -0.683   -1.130   -1.016   -0.103   -0.028   -0.057   -0.061   -0.077   45.755   45.755   45.766   45.750   45.766   45.758   45.766   45.771   45.770   45.761  
   -99.3    -0.709   -0.204   -0.551   -1.057   -0.849   -0.098   -0.028   -0.056   -0.060   -0.080   45.758   45.754   45.765   45.749   45.760   45.763   45.766   45.768   45.769   45.759  
   -93.4    -0.602   -0.199   -0.502   -1.064   -0.858   -0.089   -0.027   -0.057   -0.058   -0.078   45.756   45.754   45.766   45.751   45.757   45.766   45.768   45.766   45.770   45.760  
   -87.4    -0.556   -0.175   -0.462   -0.861   -0.789   -0.084   -0.027   -0.055   -0.054   -0.079   45.753   45.754   45.761   45.751   45.753   45.759   45.766   45.764   45.764   45.757  
   -81.4    -0.576   -0.171   -0.420   -0.734   -0.689   -0.083   -0.024   -0.052   -0.054   -0.069   45.750   45.754   45.762   45.749   45.749   45.759   45.765   45.762   45.766   45.757  
   -75.4    -0.509   -0.144   -0.396   -0.660   -0.760   -0.070   -0.025   -0.049   -0.053   -0.058   45.753   45.753   45.764   45.746   45.751   45.759   45.765   45.762   45.765   45.761  
   -69.4    -0.420   -0.116   -0.376   -0.633   -0.689   -0.068   -0.024   -0.045   -0.058   -0.061   45.758   45.758   45.764   45.746   45.752   45.762   45.771   45.764   45.764   45.760  
   -63.5    -0.406   -0.110   -0.307   -0.524   -0.583   -0.071   -0.022   -0.044   -0.049   -0.051   45.753   45.757   45.761   45.747   45.751   45.760   45.767   45.762   45.765   45.759  
   -57.5    -0.361   -0.100   -0.258   -0.492   -0.514   -0.064   -0.021   -0.040   -0.042   -0.051   45.759   45.759   45.760   45.749   45.757   45.762   45.765   45.763   45.766   45.765  
   -51.5    -0.322   -0.086   -0.239   -0.409   -0.432   -0.057   -0.021   -0.036   -0.038   -0.045   45.755   45.760   45.759   45.750   45.756   45.764   45.765   45.760   45.765   45.765  
   -45.5    -0.265   -0.073   -0.211   -0.369   -0.373   -0.052   -0.019   -0.033   -0.035   -0.040   45.756   45.757   45.762   45.748   45.755   45.761   45.769   45.762   45.761   45.767  
   -39.5    -0.225   -0.065   -0.159   -0.279   -0.298   -0.050   -0.018   -0.029   -0.031   -0.039   45.758   45.759   45.760   45.747   45.752   45.761   45.766   45.763   45.763   45.765  
   -33.6    -0.201   -0.056   -0.133   -0.235   -0.238   -0.047   -0.018   -0.028   -0.027   -0.034   45.760   45.762   45.765   45.748   45.754   45.760   45.765   45.766   45.757   45.768  
   -27.6    -0.152   -0.045   -0.115   -0.186   -0.217   -0.033   -0.017   -0.024   -0.023   -0.029   45.760   45.763   45.766   45.752   45.755   45.762   45.769   45.766   45.758   45.765  
   -21.6    -0.109   -0.039   -0.087   -0.145   -0.165   -0.028   -0.016   -0.022   -0.021   -0.025   45.759   45.762   45.764   45.751   45.757   45.761   45.766   45.767   45.757   45.764  
   -15.6    -0.076   -0.029   -0.061   -0.079   -0.111   -0.021   -0.015   -0.018   -0.018   -0.021   45.762   45.763   45.769   45.753   45.756   45.760   45.768   45.768   45.757   45.766  
    -9.6    -0.047   -0.021   -0.034   -0.040   -0.055   -0.016   -0.014   -0.015   -0.016   -0.017   45.764   45.763   45.768   45.753   45.760   45.763   45.767   45.763   45.758   45.770  
    -3.7    -0.014   -0.012   -0.012    0.001   -0.014   -0.011   -0.013   -0.013   -0.013   -0.013   45.757   45.760   45.761   45.743   45.755   45.752   45.760   45.758   45.756   45.766  
     2.3     0.024   -0.004    0.008    0.041    0.023   -0.006   -0.012   -0.010   -0.011   -0.009   45.735   45.748   45.742   45.732   45.734   45.747   45.754   45.753   45.747   45.755  
     8.3     0.051    0.004    0.033    0.081    0.066   -0.000   -0.011   -0.006   -0.007   -0.005   45.736   45.742   45.740   45.732   45.737   45.742   45.755   45.753   45.746   45.747  
    14.3     0.083    0.013    0.057    0.117    0.091    0.004   -0.009   -0.002   -0.004   -0.001   45.735   45.736   45.741   45.735   45.737   45.741   45.754   45.754   45.747   45.743  
    20.3     0.124    0.020    0.076    0.159    0.117    0.010   -0.008    0.002   -0.000    0.004   45.736   45.736   45.738   45.732   45.736   45.737   45.754   45.746   45.741   45.738  
    26.2     0.161    0.031    0.096    0.188    0.137    0.018   -0.005    0.005    0.005    0.011   45.737   45.739   45.741   45.733   45.739   45.736   45.755   45.748   45.738   45.735  
    32.2     0.185    0.040    0.115    0.219    0.172    0.026   -0.004    0.010    0.010    0.017   45.738   45.739   45.743   45.731   45.736   45.736   45.753   45.746   45.736   45.733  
    38.2     0.211    0.052    0.139    0.253    0.215    0.037   -0.003    0.015    0.013    0.027   45.737   45.740   45.742   45.734   45.738   45.737   45.752   45.745   45.734   45.732  
    44.2     0.241    0.066    0.177    0.273    0.249    0.054    0.000    0.019    0.017    0.035   45.736   45.735   45.744   45.735   45.736   45.737   45.750   45.741   45.734   45.731  
    50.2     0.286    0.082    0.194    0.284    0.314    0.079    0.003    0.021    0.023    0.027   45.739   45.738   45.742   45.736   45.739   45.738   45.745   45.740   45.735   45.733  
    56.1     0.363    0.082    0.225    0.315    0.391    0.092    0.008    0.029    0.027    0.036   45.738   45.739   45.743   45.736   45.742   45.739   45.740   45.742   45.735   45.734  
    62.1     0.407    0.080    0.259    0.339    0.414    0.101    0.010    0.033    0.030    0.040   45.737   45.738   45.742   45.735   45.740   45.736   45.739   45.740   45.732   45.732  
    68.1     0.406    0.085    0.288    0.326    0.424    0.129    0.003    0.041    0.037    0.046   45.737   45.738   45.745   45.736   45.740   45.739   45.743   45.739   45.735   45.734  
    74.1     0.425    0.095    0.317    0.398    0.491    0.139    0.005    0.047    0.045    0.052   45.738   45.738   45.744   45.737   45.740   45.739   45.742   45.741   45.736   45.734  
    80.1     0.477    0.115    0.363    0.424    0.488    0.162    0.007    0.054    0.053    0.061   45.739   45.737   45.747   45.736   45.744   45.741   45.740   45.743   45.734   45.735  
    86.0     0.505    0.110    0.416    0.492    0.477    0.173    0.006    0.059    0.056    0.064   45.734   45.736   45.741   45.736   45.738   45.736   45.739   45.740   45.732   45.730  
    92.0     0.564    0.123    0.422    0.500    0.521    0.188    0.010    0.083    0.060    0.069   45.739   45.737   45.745   45.737   45.740   45.737   45.738   45.740   45.734   45.729  
    98.0     0.703    0.145    0.436    0.544    0.586    0.159    0.012    0.089    0.059    0.086   45.739   45.736   45.747   45.738   45.740   45.739   45.737   45.740   45.732   45.732  
   104.0     0.641    0.150    0.447    0.522    0.522    0.198    0.016    0.099    0.066    0.067   45.739   45.735   45.747   45.739   45.739   45.738   45.738   45.740   45.733   45.734  
   110.0     0.691    0.155    0.453    0.531    0.571    0.247    0.022    0.116    0.072    0.083   45.741   45.738   45.749   45.738   45.741   45.736   45.739   45.741   45.736   45.735  
   115.9     0.731    0.153    0.485    0.636    0.604    0.275    0.020    0.123    0.082    0.093   45.741   45.739   45.749   45.741   45.743   45.741   45.739   45.741   45.737   45.733  
   121.9     0.851    0.166    0.546    0.706    0.630    0.313    0.023    0.141    0.083    0.089   45.742   45.741   45.750   45.743   45.743   45.742   45.737   45.742   45.737   45.735  
   127.9     0.748    0.181    0.550    0.713    0.589    0.325    0.025    0.160    0.093    0.103   45.739   45.735   45.746   45.742   45.738   45.741   45.734   45.743   45.734   45.733  
   133.9     0.848    0.190    0.553    0.785    0.771    0.308    0.035    0.183    0.100    0.113   45.737   45.736   45.748   45.742   45.740   45.741   45.735   45.744   45.736   45.736  
   139.9     0.931    0.204    0.633    0.809    0.798    0.267    0.048    0.207    0.116    0.123   45.739   45.736   45.749   45.742   45.743   45.744   45.736   45.744   45.736   45.738  
   145.8     0.985    0.210    0.684    0.787    0.730    0.283    0.057    0.228    0.134    0.162   45.740   45.738   45.746   45.741   45.742   45.741   45.737   45.743   45.738   45.738  
   151.8     0.982    0.209    0.703    0.734    0.886    0.333    0.062    0.237    0.152    0.204   45.740   45.740   45.747   45.741   45.743   45.741   45.737   45.744   45.737   45.739  
   157.8     1.132    0.230    0.805    0.857    0.788    0.320    0.057    0.235    0.174    0.211   45.742   45.739   45.746   45.742   45.743   45.742   45.738   45.746   45.740   45.740  
   163.8     1.154    0.249    0.895    0.908    0.842    0.326    0.055    0.235    0.171    0.219   45.744   45.738   45.751   45.742   45.744   45.743   45.743   45.746   45.738   45.742  
   169.8     1.233    0.279    0.868    0.988    0.917    0.329    0.057    0.235    0.205    0.236   45.739   45.732   45.744   45.737   45.739   45.734   45.737   45.740   45.734   45.735  
   175.7     1.443    0.298    0.840    1.010    1.102    0.317    0.062    0.247    0.207    0.263   45.739   45.734   45.742   45.737   45.740   45.737   45.735   45.739   45.736   45.733  
   181.7     1.529    0.302    0.884    1.031    1.400    0.326    0.064    0.269    0.220    0.251   45.736   45.736   45.742   45.736   45.738   45.737   45.734   45.737   45.736   45.735  
   187.7     1.582    0.275    0.847    1.052    1.293    0.351    0.075    0.285    0.285    0.274   45.737   45.736   45.742   45.738   45.740   45.737   45.736   45.738   45.738   45.735  
   193.7     1.535    0.293    1.038    1.226    1.197    0.392    0.080    0.292    0.326    0.278   45.736   45.733   45.744   45.739   45.743   45.736   45.734   45.742   45.737   45.736  
   199.7     1.498    0.323    1.099    1.235    1.184    0.412    0.080    0.317    0.341    0.305   45.738   45.737   45.742   45.741   45.743   45.739   45.736   45.741   45.738   45.737  
   205.6     1.688    0.359    1.064    1.238    1.200    0.480    0.094    0.368    0.361    0.330   45.737   45.738   45.743   45.739   45.746   45.741   45.737   45.743   45.738   45.739  
   211.6     1.745    0.398    1.091    1.460    1.243    0.553    0.098    0.400    0.402    0.383   45.735   45.736   45.742   45.737   45.742   45.738   45.736   45.740   45.736   45.736  
   217.6     2.121    0.434    1.133    1.633    1.157    0.544    0.086    0.437    0.469    0.426   45.739   45.737   45.746   45.737   45.742   45.743   45.736   45.742   45.736   45.738  
   223.6     2.294    0.460    1.078    1.763    1.297    0.573    0.095    0.499    0.460    0.433   45.739   45.740   45.747   45.738   45.738   45.742   45.737   45.745   45.737   45.741  
   229.6     2.207    0.465    1.108    2.013    1.336    0.571    0.101    0.483    0.438    0.454   45.741   45.739   45.746   45.739   45.741   45.742   45.738   45.744   45.739   45.740  
   235.5     2.333    0.477    1.121    2.058    1.357    0.566    0.115    0.573    0.502    0.451   45.740   45.738   45.745   45.739   45.739   45.742   45.738   45.743   45.739   45.741  
   241.5     2.393    0.537    1.093    2.257    1.386    0.616    0.121    0.567    0.499    0.506   45.742   45.740   45.743   45.742   45.741   45.744   45.737   45.745   45.739   45.740  
   247.5     2.324    0.541    1.116    2.380    1.386    0.770    0.135    0.653    0.522    0.478   45.742   45.741   45.745   45.744   45.740   45.743   45.739   45.743   45.739   45.742  
   253.5     2.317    0.555    1.113    2.482    1.447    0.747    0.152    0.653    0.559    0.552   45.739   45.739   45.743   45.741   45.738   45.740   45.735   45.740   45.737   45.739  
   259.5     2.382    0.592    1.189    2.549    1.553    0.791    0.154    0.730    0.561    0.614   45.742   45.741   45.746   45.741   45.735   45.742   45.736   45.738   45.737   45.738  
   265.4     2.426    0.582    1.303    2.600    1.664    0.974    0.165    0.741    0.701    0.622   45.741   45.739   45.743   45.743   45.740   45.743   45.738   45.738   45.740   45.738  
   271.4     2.497    0.617    1.383    2.799    1.506    1.187    0.172    0.743    0.743    0.653   45.744   45.743   45.746   45.745   45.741   45.745   45.741   45.741   45.740   45.736  
   277.4     2.740    0.659    1.389    2.706    1.527    1.218    0.172    0.726    0.739    0.688   45.741   45.742   45.743   45.741   45.741   45.746   45.741   45.740   45.738   45.734  
   283.4     2.809    0.640    1.436    2.114    1.504    1.121    0.178    0.755    0.798    0.714   45.742   45.740   45.744   45.742   45.742   45.745   45.742   45.744   45.739   45.735  
   289.4     2.919    0.683    1.466    2.403    1.464    1.144    0.194    0.787    0.808    0.734   45.741   45.740   45.745   45.745   45.744   45.748   45.740   45.744   45.741   45.738  
   295.3     3.213    0.688    1.704    2.120    1.513    1.200    0.205    0.820    0.843    0.827   45.739   45.739   45.742   45.742   45.742   45.746   45.740   45.742   45.738   45.738  
   301.3     3.134    0.679    1.582    2.303    1.588    1.246    0.235    0.852    0.856    0.863   45.740   45.738   45.743   45.741   45.744   45.746   45.741   45.743   45.740   45.739  
   307.3     3.234    0.691    1.503    2.964    1.720    1.313    0.254    0.926    0.919    0.889   45.737   45.738   45.744   45.743   45.744   45.746   45.740   45.743   45.739   45.741  
   313.3     3.181    0.739    1.511    2.804    1.726    1.333    0.253    0.938    1.020    0.876   45.742   45.740   45.745   45.744   45.744   45.747   45.741   45.746   45.740   45.740  
   319.3     3.301    0.732    1.721    2.952    1.866    1.020    0.264    1.038    0.980    0.868   45.743   45.741   45.745   45.743   45.744   45.743   45.742   45.745   45.742   45.739  
   325.2     3.181    0.742    1.808    3.017    1.801    1.171    0.273    1.050    1.016    0.969   45.743   45.742   45.746   45.743   45.743   45.744   45.744   45.748   45.743   45.743  
   331.2     3.355    0.788    1.735    2.236    1.764    1.212    0.301    1.046    1.063    1.001   45.744   45.740   45.747   45.744   45.745   45.747   45.743   45.749   45.741   45.745  
   337.2     3.366    0.784    1.800    2.462    1.798    1.227    0.289    0.994    1.087    1.082   45.743   45.738   45.741   45.743   45.741   45.740   45.739   45.745   45.738   45.739  
   343.2     3.370    0.833    1.868    2.411    1.780    1.222    0.337    1.056    1.193    1.192   45.740   45.736   45.741   45.741   45.738   45.739   45.740   45.743   45.736   45.735  
   349.2     3.412    0.808    2.125    2.317    1.902    1.212    0.347    1.116    1.252    1.193   45.739   45.738   45.742   45.740   45.739   45.740   45.741   45.744   45.737   45.736  
   355.1     3.536    0.843    2.274    2.403    1.935    1.383    0.361    1.199    1.427    1.147   45.743   45.739   45.742   45.745   45.741   45.741   45.739   45.746   45.739   45.736  
   361.1     3.622    0.882    2.133    2.914    2.105    1.397    0.525    1.268    1.498    1.162   45.745   45.738   45.739   45.742   45.739   45.740   45.739   45.740   45.738   45.738  
   367.1     3.472    0.860    2.122    2.872    2.114    1.521    0.658    1.264    1.516    1.183   45.751   45.739   45.740   45.741   45.741   45.740   45.739   45.742   45.737   45.736  
   373.1     3.114    0.867    2.147    2.965    2.267    1.601    0.497    1.353    1.636    1.182   45.750   45.738   45.743   45.740   45.741   45.738   45.740   45.743   45.738   45.737  
   379.1     2.970    0.878    2.087    3.109    2.131    1.691    0.544    1.496    1.715    1.250   45.747   45.738   45.745   45.743   45.743   45.742   45.741   45.743   45.740   45.739  
   385.0     3.212    0.817    2.434    2.966    2.167    1.613    0.590    1.673    1.859    1.332   45.746   45.736   45.741   45.742   45.739   45.741   45.738   45.744   45.740   45.735  
   391.0     3.279    0.827    2.528    2.639    2.293    1.712    0.595    1.612    1.921    1.430   45.748   45.738   45.743   45.744   45.739   45.742   45.740   45.745   45.739   45.737  
   397.0     3.555    0.843    2.447    2.767    2.452    1.834    0.608    1.636    2.030    1.459   45.749   45.741   45.746   45.743   45.742   45.742   45.740   45.744   45.739   45.736  
   403.0     3.626    0.866    2.580    3.073    2.611    1.798    0.640    1.578    2.183    1.558   45.748   45.740   45.744   45.741   45.742   45.744   45.739   45.742   45.739   45.733  
   409.0     3.684    0.939    2.554    3.141    2.488    1.771    0.663    1.643    2.331    1.656   45.746   45.743   45.743   45.742   45.741   45.744   45.742   45.744   45.740   45.736  
   414.9     3.652    0.959    2.555    3.054    2.621    1.774    0.765    1.833    2.400    1.744   45.745   45.742   45.742   45.739   45.740   45.744   45.742   45.744   45.741   45.738  
   420.9     3.628    0.964    2.722    3.394    2.490    1.858    0.796    1.686    2.300    1.876   45.747   45.741   45.743   45.741   45.740   45.744   45.739   45.744   45.741   45.738  
   426.9     3.750    1.010    2.678    3.686    2.410    1.936    0.814    1.681    2.513    1.906   45.747   45.739   45.739   45.742   45.737   45.740   45.740   45.740   45.740   45.735  
   432.9     3.670    1.076    2.804    3.523    2.563    2.124    0.847    1.801    2.358    1.948   45.750   45.741   45.739   45.743   45.742   45.740   45.741   45.739   45.741   45.738  
   438.9     3.610    1.129    3.021    3.262    2.753    2.240    0.887    1.868    2.276    2.198   45.748   45.742   45.742   45.740   45.740   45.742   45.740   45.742   45.741   45.737  
   444.8     3.897    1.085    3.092    3.193    2.726    2.197    0.888    2.055    2.523    2.204   45.748   45.741   45.739   45.741   45.738   45.743   45.741   45.738   45.740   45.737  
   450.8     4.064    1.068    3.135    2.987    2.774    2.265    0.929    2.155    2.765    2.217   45.749   45.741   45.741   45.742   45.738   45.745   45.741   45.743   45.739   45.738  
   456.8     3.412    1.089    3.043    3.245    3.224    2.271    0.971    2.132    2.806    2.382   45.750   45.742   45.741   45.743   45.737   45.743   45.743   45.742   45.741   45.738  
   462.8     2.948    1.068    2.793    3.455    3.426    2.664    1.027    2.192    2.844    2.427   45.743   45.743   45.740   45.741   45.736   45.743   45.743   45.745   45.741   45.738  
   468.8     2.955    1.093    2.928    3.570    3.162    2.829    1.026    2.265    2.810    2.629   45.738   45.741   45.738   45.743   45.735   45.738   45.740   45.742   45.740   45.737  
   474.7     3.063    1.122    2.880    3.482    3.214    2.796    1.026    2.418    3.092    2.776   45.740   45.741   45.741   45.742   45.737   45.738   45.742   45.741   45.743   45.738  
   480.7     2.989    1.184    2.782    3.458    3.193    3.210    1.147    3.026    3.026    2.840   45.744   45.741   45.739   45.743   45.737   45.742   45.743   45.736   45.742   45.737  
   486.7     3.394    1.211    2.738    3.495    3.124    3.183    1.223    3.145    3.209    2.845   45.742   45.740   45.739   45.743   45.737   45.743   45.742   45.739   45.742   45.737  
   492.7     3.242    1.229    3.044    3.461    3.128    3.179    1.264    3.095    3.535    3.147   45.743   45.744   45.738   45.741   45.736   45.743   45.744   45.739   45.742   45.741  
